0.6044 0.3956 
0.5838 0.4162 
0.5041 0.4959 
0.5260 0.4740 
0.5530 0.4470 
0.4891 0.5109 
0.5530 0.4470 
0.5308 0.4692 
0.5350 0.4650 
0.5816 0.4184 
0.6672 0.3328 
0.6065 0.3935 
0.6200 0.3800 
0.6835 0.3165 
0.6102 0.3898 
0.5816 0.4184 
0.4896 0.5104 
0.5777 0.4223 
0.6356 0.3644 
0.6646 0.3354 
0.5247 0.4753 
0.5605 0.4395 
0.5203 0.4797 
0.5523 0.4477 
0.6019 0.3981 
0.5219 0.4781 
0.5951 0.4049 
0.6018 0.3982 
0.6483 0.3517 
0.5269 0.4731 
0.6185 0.3815 
0.5312 0.4688 
0.4714 0.5286 
0.5676 0.4324 
0.6103 0.3897 
0.5245 0.4755 
0.6145 0.3855 
0.5315 0.4685 
0.5766 0.4234 
0.4976 0.5024 
0.5470 0.4530 
0.5371 0.4629 
0.5754 0.4246 
0.5522 0.4478 
0.5612 0.4388 
0.5808 0.4192 
0.6508 0.3492 
0.5238 0.4762 
0.5793 0.4207 
0.5210 0.4790 
0.5029 0.4971 
0.6115 0.3885 
0.5577 0.4423 
0.6315 0.3685 
0.5669 0.4331 
0.6729 0.3271 
0.5263 0.4737 
0.4868 0.5132 
0.6097 0.3903 
0.5838 0.4162 
0.6784 0.3216 
0.6310 0.3690 
0.4752 0.5248 
0.5796 0.4204 
0.5381 0.4619 
0.6025 0.3975 
0.5367 0.4633 
0.6142 0.3858 
0.4424 0.5576 
0.5689 0.4311 
0.4849 0.5151 
0.5309 0.4691 
0.6264 0.3736 
0.6112 0.3888 
0.4937 0.5063 
0.6575 0.3425 
0.5965 0.4035 
0.5642 0.4358 
0.5346 0.4654 
0.5801 0.4199 
0.5425 0.4575 
0.5764 0.4236 
0.6128 0.3872 
0.5499 0.4501 
0.5538 0.4462 
0.5667 0.4333 
0.5391 0.4609 
0.5742 0.4258 
0.5712 0.4288 
0.6245 0.3755 
0.5342 0.4658 
0.5613 0.4387 
0.5755 0.4245 
0.5833 0.4167 
0.6175 0.3825 
0.6072 0.3928 
0.5853 0.4147 
0.6659 0.3341 
0.5500 0.4500 
0.6016 0.3984 
0.5405 0.4595 
0.6800 0.3200 
0.5971 0.4029 
0.6235 0.3765 
0.5885 0.4115 
0.5523 0.4477 
0.5681 0.4319 
0.6002 0.3998 
0.5706 0.4294 
0.5957 0.4043 
0.6960 0.3040 
0.6273 0.3727 
0.6047 0.3953 
0.5691 0.4309 
0.6138 0.3862 
0.5394 0.4606 
0.5452 0.4548 
0.6929 0.3071 
0.7378 0.2622 
0.7227 0.2773 
0.6964 0.3036 
0.5321 0.4679 
0.6071 0.3929 
0.5951 0.4049 
0.5526 0.4474 
0.4726 0.5274 
0.5217 0.4783 
0.5943 0.4057 
0.5320 0.4680 
0.4951 0.5049 
0.5598 0.4402 
0.5325 0.4675 
0.5732 0.4268 
0.5183 0.4817 
0.5201 0.4799 
0.5495 0.4505 
0.6007 0.3993 
0.6357 0.3643 
0.4590 0.5410 
0.5410 0.4590 
0.5210 0.4790 
0.5684 0.4316 
0.6476 0.3524 
0.6261 0.3739 
0.5003 0.4997 
0.5906 0.4094 
0.5980 0.4020 
0.5660 0.4340 
0.5634 0.4366 
0.5641 0.4359 
0.5332 0.4668 
0.5414 0.4586 
0.5691 0.4309 
0.5165 0.4835 
0.6678 0.3322 
0.5895 0.4105 
0.5813 0.4187 
0.5748 0.4252 
0.6037 0.3963 
0.5869 0.4131 
0.5953 0.4047 
0.6694 0.3306 
0.5952 0.4048 
0.5725 0.4275 
0.5476 0.4524 
0.5583 0.4417 
0.5706 0.4294 
0.5029 0.4971 
0.6177 0.3823 
0.6145 0.3855 
0.6537 0.3463 
0.5621 0.4379 
0.5352 0.4648 
0.5304 0.4696 
0.5343 0.4657 
0.6333 0.3667 
0.5552 0.4448 
0.6023 0.3977 
0.6014 0.3986 
0.5464 0.4536 
0.6233 0.3767 
0.5821 0.4179 
0.6536 0.3464 
0.6347 0.3653 
0.6120 0.3880 
0.6257 0.3743 
0.6274 0.3726 
0.5992 0.4008 
0.5472 0.4528 
0.6178 0.3822 
0.5697 0.4303 
0.6250 0.3750 
0.5270 0.4730 
0.5141 0.4859 
0.4836 0.5164 
0.6180 0.3820 
0.6074 0.3926 
0.4874 0.5126 
0.5822 0.4178 
0.4894 0.5106 
0.5479 0.4521 
0.5830 0.4170 
0.5747 0.4253 
0.5316 0.4684 
0.5868 0.4132 
0.5718 0.4282 
0.6036 0.3964 
0.5968 0.4032 
0.5888 0.4112 
0.5727 0.4273 
0.6354 0.3646 
0.5070 0.4930 
0.5152 0.4848 
0.4706 0.5294 
0.6012 0.3988 
0.6699 0.3301 
0.5376 0.4624 
0.5402 0.4598 
0.5661 0.4339 
0.5825 0.4175 
0.5911 0.4089 
0.4918 0.5082 
0.5787 0.4213 
0.5387 0.4613 
0.6034 0.3966 
0.5866 0.4134 
0.6468 0.3532 
0.5061 0.4939 
0.5126 0.4874 
0.5602 0.4398 
0.5778 0.4222 
0.5646 0.4354 
0.5923 0.4077 
0.5348 0.4652 
0.5878 0.4122 
0.6832 0.3168 
0.5092 0.4908 
0.6155 0.3845 
0.6191 0.3809 
0.6092 0.3908 
0.6600 0.3400 
0.5836 0.4164 
0.5436 0.4564 
0.5816 0.4184 
0.5418 0.4582 
0.5692 0.4308 
0.6465 0.3535 
0.5673 0.4327 
0.5313 0.4687 
0.5719 0.4281 
0.6122 0.3878 
0.4788 0.5212 
0.4924 0.5076 
0.5843 0.4157 
0.5794 0.4206 
0.5774 0.4226 
0.5677 0.4323 
0.5213 0.4787 
0.5336 0.4664 
0.5228 0.4772 
0.5143 0.4857 
0.5980 0.4020 
0.6141 0.3859 
0.5638 0.4362 
0.5419 0.4581 
0.5473 0.4527 
0.5648 0.4352 
0.6512 0.3488 
0.5485 0.4515 
0.5982 0.4018 
0.4932 0.5068 
0.5027 0.4973 
0.5517 0.4483 
0.5956 0.4044 
0.5259 0.4741 
0.6041 0.3959 
0.6194 0.3806 
0.6252 0.3748 
0.5976 0.4024 
0.5551 0.4449 
0.5436 0.4564 
0.5488 0.4512 
0.5384 0.4616 
0.4835 0.5165 
0.5276 0.4724 
0.5301 0.4699 
0.5441 0.4559 
0.6398 0.3602 
0.5843 0.4157 
0.5112 0.4888 
0.5145 0.4855 
0.6583 0.3417 
0.5561 0.4439 
0.5882 0.4118 
0.5670 0.4330 
0.5723 0.4277 
0.6665 0.3335 
0.5250 0.4750 
0.5933 0.4067 
0.6375 0.3625 
0.5795 0.4205 
0.5943 0.4057 
0.5421 0.4579 
0.5973 0.4027 
0.6552 0.3448 
0.5553 0.4447 
0.5929 0.4071 
0.6102 0.3898 
0.5618 0.4382 
0.7095 0.2905 
0.6017 0.3983 
0.6194 0.3806 
0.5841 0.4159 
0.5727 0.4273 
0.5522 0.4478 
0.6167 0.3833 
0.6290 0.3710 
0.6994 0.3006 
0.5231 0.4769 
0.6014 0.3986 
0.5841 0.4159 
0.5827 0.4173 
0.5868 0.4132 
0.5671 0.4329 
0.6216 0.3784 
0.5710 0.4290 
0.5565 0.4435 
0.6222 0.3778 
0.5626 0.4374 
0.5415 0.4585 
0.5910 0.4090 
0.5358 0.4642 
0.5366 0.4634 
0.6022 0.3978 
0.5867 0.4133 
0.5235 0.4765 
0.6243 0.3757 
0.5508 0.4492 
0.5931 0.4069 
0.4593 0.5407 
0.6026 0.3974 
0.4932 0.5068 
0.5774 0.4226 
0.6223 0.3777 
0.5632 0.4368 
0.6025 0.3975 
0.5236 0.4764 
0.5938 0.4062 
0.6073 0.3927 
0.5261 0.4739
