"x"
0.00893669613658611
0.00884525577756365
0.00858303684056511
0.00834251714693488
0.00829300738626691
0.00817770033732571
0.00805307048225436
0.00793717904773711
0.00779494129552627
0.00767730718984276
0.00757623250467832
0.00755175427578659
0.00749010348583865
0.00738886233510089
0.00727648287962008
0.00724032512707346
0.00716429540018163
0.0071065664172981
0.0070339797459062
0.00694444436347532
0.0068842222015962
0.00679130893443505
0.00674179593272511
0.00661610539757527
0.00656807649779856
0.00653598387346491
0.00649782028956438
0.00644229277834619
0.00633251311474696
0.0063091648862165
0.00625167732807117
0.00622274317045701
0.00611170980321127
0.00605673051794846
0.00598939007899928
0.0059603954576381
0.00590225134757859
0.00587401046755915
0.00579679881303908
0.0057113836223582
0.00567504947206188
0.00562254305591679
0.00556290470197629
0.00555253044807122
0.00553740690400712
0.00553262862065332
0.00547401534004572
0.00536719165863931
0.00535983147056865
0.00529172902852816
0.00528544131270341
0.00523230183109461
0.00514722317249333
0.00512914916470534
0.00504805411255236
0.00499619293707289
0.00495114992361692
0.00492679274017603
0.00488804783446615
0.00486352900001688
0.00484116647504477
0.00481295320736145
0.00477523068555104
0.00473015842034752
0.00468420176340489
0.00465818129729181
0.00462114052671347
0.00457376496231853
0.00455640755627835
0.0045058660145066
0.00450328455811532
0.00447461301951612
0.00441467995792937
0.00439825944150212
0.00436658276988365
0.00436044179006498
0.00430212351164972
0.00426068371364562
0.00424982564655741
0.00422067278781934
0.00419268828971447
0.0041669492862852
0.00413111655503355
0.00411636681966302
0.00407902773235009
0.00404251450615564
0.00400412442560924
0.00398585382855556
0.00396980448675385
0.00391242162843745
0.00386891215468179
0.00384054020733719
0.00382388614156558
0.00379650109657839
0.00376449155945417
0.00375401992159648
0.00372929708054002
0.00372028010663464
0.0037086813699888
0.00370422558964193
0.00365704554966904
0.00364947561274996
0.00362138006611389
0.00361186897160901
0.00359155063950657
0.00354207145201926
0.00350747613333923
0.00350203132502379
0.0034691411123581
0.00341999132165911
0.00339579873369014
0.00338435824040801
0.00333729168730407
0.00333271113009924
0.00332168447072989
0.00328528024625817
0.00326630970006061
0.00325731928193871
0.00322522802958487
0.00320381968113111
0.0031795921524549
0.00316157198841431
0.00312482785806131
0.00311072609833548
0.00310540444063411
0.00307337543083595
0.00306859917077806
0.00304701301344377
0.0030393235141385
0.00300221184090581
0.00299439529963443
0.00297559534578283
0.00295705218343535
0.00292533150203011
0.00290264161135227
0.00288759896160937
0.00288387778625811
0.00285614920994876
0.0028471022770603
0.00283996745581661
0.00280568358964978
0.00279520608283897
0.0027751883917629
0.00275946454257667
0.00273521839375683
0.00271608609252184
0.00269784803648331
0.00268262917384216
0.00267086330085722
0.00265168010321324
0.00262019300996174
0.00260950950570563
0.0025994681390747
0.00258341760484478
0.00257038608963201
0.00256290355827964
0.00252929227192018
0.00252571760566357
0.00250327649417958
0.00248014703753006
0.00246935541353822
0.00245794183985959
0.00244487215262243
0.00242184625543426
0.0024030898684913
0.00238180731242722
0.00237722789851512
0.00236356154614463
0.00234681253374584
0.00233316371839189
0.00232320883926704
0.00231765868124449
0.00229234636518869
0.0022894170950915
0.00226382865081628
0.00224451950663002
0.00224063112610356
0.00221142824511006
0.00220273658337107
0.00219621550700531
0.00218235862425109
0.00217488956870645
0.00216256638525093
0.00214033657734598
0.00213270261159908
0.00210600327203631
0.00210402599578669
0.00207277186701085
0.00206008667968548
0.00205865930964309
0.00203946372584613
0.00202501462618299
0.00201058695054371
0.00200563722104858
0.00198772658016299
0.00197308019204474
0.00196548520319752
0.00195133875513446
0.00194385722989308
0.00193799129820695
0.00192000360365615
0.00190973790419115
0.00190125337336538
0.00187831285579553
0.00186738649852771
0.00185203556342915
0.00184681266361337
0.00182946370439651
0.00181614711218474
0.00180902669254954
0.00178913500404977
0.00177869457078926
0.00177242888271486
0.00175112294928806
0.00173141343850279
0.00172847378951664
0.00172409808665947
0.00171728790719764
0.00170211857395057
0.0016946044267101
0.00168686835003237
0.00166643866882242
0.0016571852595324
0.00164483380830267
0.00163671163180448
0.0016255138939522
0.00162065057627815
0.00161242491736727
0.00159430501079896
0.00158392618765684
0.00157560046935583
0.00156696043801417
0.00155843770456668
0.0015400358875764
0.00152861769284116
0.00152414422357656
0.00151655910049142
0.00150685362558703
0.00149632406810456
0.00148645556835623
0.00148043814257821
0.00147431346165422
0.0014631895775058
0.00145566077065117
0.00144806072914917
0.00143263554541962
0.00140859657616476
0.00140626326275344
0.00139118558295568
0.00138528793229028
0.00138191665134495
0.00136546047345886
0.00136079514858354
0.00134252243942343
0.00133171326674578
0.00132717452414362
0.00131718661832894
0.00130194486893788
0.00129308951142385
0.00128295873392965
0.00127808077864402
0.00127346315762588
0.00126729781265367
0.00125232552516321
0.00124978934257275
0.00123761429819273
0.00123117596058359
0.00121900589316892
0.00121535448211062
0.00120542654290205
0.00119205457381965
0.00118104416700164
0.00117711292967932
0.00116684200050151
0.00116192565944105
0.00115380369328039
0.00113941804778835
0.00113191556888163
0.00112541033955153
0.00111550728381955
0.00111172816446625
0.00110779450793418
0.00108731178820278
0.0010792785215099
0.00106181239340099
0.00105110939281022
0.00104757057673915
0.00103418859550285
0.0010267969001317
0.00101955958190676
0.00101086166320854
0.00100807219484601
0.000998742101314591
0.000985580675265337
0.00098132341950767
0.000975083386219391
0.000971737978651715
0.000955908890002431
0.000949986787947594
0.000934533499917036
0.000931360548514788
0.000929576462599445
0.000917540509186342
0.000915009901398443
0.000906105514307896
0.000899058706024719
0.000885350116162283
0.000883584771843947
0.000866963756659858
0.000854396694773592
0.000852320319205784
0.000845960770073989
0.000839870479359098
0.000830699066759246
0.000829105287066295
0.000809850344420343
0.000801757757659568
0.000797178675745876
0.0007870656598469
0.000781171645896708
0.000774745127395247
0.000764066872686992
0.000757284284892199
0.000754167769335243
0.000744346760320254
0.000734887390890234
0.000726462840482092
0.000717127394928491
0.000712234887228177
0.00070986727957252
0.00069631550308328
0.000684491722463567
0.000681680491934613
0.000668716570688278
0.000661628813280527
0.000649296689942099
0.000638470223205225
0.000636798152504304
0.000624454961731244
0.000620624939930086
0.000605982419452229
0.00059543654597431
0.000586215428177718
0.000574032998088475
0.000569062448745457
0.000555171426121485
0.000544480798058515
0.000531945647515899
0.000513321372059271
